
39011012000

39011019090

39011092000

39011099090

39012000001

39012000090

39013000090

39014000000

39019040090

39019090001

39019090090

39011099002

39013000001

39021030090

39021040000

39021090001

39021090090

39022000090

39023030001

39023030090

39023090001

39023090090

39029010001

39029010090

39029090000

39

3901

3902

3903

3904

3905

3906

3907

3908

3909

3910

3911

3912

3913

3914

3915

3916

3917

3918

3919

3920

3921

3922

3923

3924

3925

3926
